0 0.267188 0.508333 0.095312 0.063889 0.902900
1 0.609375 0.513194 0.079687 0.048611 0.767600
3 0.664062 0.525694 0.039062 0.034722 0.729300
3 0.151953 0.510417 0.039844 0.018056 0.585100
0 0.360547 0.519444 0.033594 0.027778 0.554300
1 0.462891 0.503472 0.019531 0.020833 0.530300
3 0.495312 0.550694 0.137500 0.026389 0.317300
1 0.214453 0.506250 0.021094 0.026389 0.308800
0 0.335547 0.503472 0.019531 0.034722 0.229100
0 0.508984 0.498611 0.019531 0.027778 0.151200
0 0.355859 0.506944 0.046094 0.047222 0.147700
3 0.020703 0.531250 0.039844 0.026389 0.121000
