1 0.354167 0.323148 0.020833 0.031481 0.879100
2 0.443750 0.280556 0.031250 0.064815 0.864300
3 0.052604 0.361111 0.180208 0.040741 0.820500
1 0.376563 0.325926 0.026042 0.023148 0.817000
4 0.304688 0.330556 0.043229 0.017593 0.776100
1 0.193229 0.330556 0.019792 0.017593 0.545700
0 0.145313 0.328704 0.053125 0.024074 0.498000
3 0.542188 0.362963 0.040104 0.023148 0.385600
0 0.212500 0.213889 0.041667 0.110185 0.320800
1 0.223958 0.332407 0.019271 0.010185 0.267500
0 0.180208 0.319444 0.026562 0.028704 0.242000
