3 0.308854 0.343519 0.053125 0.017593 0.849800
0 0.522917 0.212037 0.120833 0.127778 0.773700
1 0.403125 0.330556 0.020833 0.031481 0.768400
3 0.406250 0.344444 0.051562 0.023148 0.740400
0 0.318229 0.219444 0.066667 0.064815 0.729300
1 0.605208 0.345370 0.058854 0.110185 0.525400
1 0.098958 0.328704 0.087500 0.038889 0.434500
1 0.000000 0.266667 0.114583 0.110185 0.405700
1 0.020313 0.337037 0.090625 0.040741 0.342400
0 0.319271 0.218519 0.019792 0.065741 0.181200
3 0.178125 0.333333 0.019271 0.030556 0.146400
