2 0.576953 0.475000 0.039844 0.080556 0.850700
0 0.448437 0.495833 0.051562 0.063889 0.815000
0 0.081250 0.515278 0.103125 0.086111 0.754600
3 0.539453 0.561111 0.178906 0.061111 0.747600
3 0.684766 0.518750 0.041406 0.020833 0.730400
1 0.544141 0.498611 0.039844 0.036111 0.723000
1 0.287891 0.506250 0.033594 0.015278 0.528400
1 0.323437 0.511806 0.029687 0.026389 0.427800
1 0.509375 0.499306 0.029687 0.026389 0.320000
1 0.008984 0.511111 0.017969 0.047222 0.162800
0 0.282813 0.430556 0.026562 0.169444 0.132900
1 0.314063 0.507639 0.029687 0.018056 0.117900
