2 0.402604 0.281481 0.034375 0.065741 0.878600
1 0.340104 0.330556 0.026562 0.017593 0.851000
1 0.316146 0.325000 0.026042 0.031481 0.849200
4 0.268750 0.328704 0.043229 0.017593 0.730400
3 0.002604 0.370370 0.169792 0.048148 0.634400
1 0.181771 0.332407 0.022396 0.013889 0.560400
0 0.128646 0.317593 0.022396 0.034259 0.371500
1 0.146354 0.333333 0.019792 0.017593 0.366500
0 0.165104 0.207407 0.046875 0.125926 0.348200
0 0.060937 0.328704 0.090625 0.034259 0.293200
0 0.498437 0.362037 0.032292 0.024074 0.167400
