2 0.541667 0.274074 0.035417 0.064815 0.903500
1 0.455208 0.316667 0.022396 0.028704 0.866900
3 0.320833 0.341667 0.083333 0.024074 0.850300
4 0.398958 0.325000 0.034375 0.012037 0.776600
0 0.281250 0.222222 0.058854 0.127778 0.679100
3 0.001042 0.360185 0.026562 0.073148 0.525400
0 0.098437 0.315741 0.042708 0.034259 0.465200
0 0.278646 0.316667 0.053125 0.032407 0.373400
3 0.165625 0.327778 0.007812 0.010185 0.319100
3 0.645312 0.350000 0.019792 0.017593 0.182100
1 0.313021 0.320370 0.026562 0.017593 0.175600
