2 0.042188 0.154630 0.042708 0.073148 0.923800
3 0.161458 0.318519 0.042708 0.047222 0.877200
1 0.334896 0.313889 0.030729 0.031481 0.849800
3 0.441146 0.344444 0.054688 0.023148 0.663600
0 0.007812 0.329630 0.049479 0.028704 0.592600
0 0.203125 0.334259 0.016667 0.015741 0.499200
1 0.295312 0.330556 0.019792 0.017593 0.426000
4 0.438021 0.322222 0.034375 0.017593 0.375000
4 0.425000 0.328704 0.033854 0.013889 0.205800
4 0.443229 0.324074 0.044792 0.023148 0.189700
0 0.178646 0.143519 0.017708 0.175000 0.106500
