3 0.142187 0.318519 0.049479 0.055556 0.926200
2 0.112500 0.162963 0.036979 0.073148 0.879900
1 0.393229 0.313889 0.036979 0.028704 0.851400
3 0.504687 0.347222 0.119271 0.047222 0.806100
4 0.530208 0.319444 0.043229 0.024074 0.676400
0 0.231250 0.331481 0.035417 0.023148 0.621300
1 0.338542 0.332407 0.026042 0.015741 0.585100
0 0.062500 0.332407 0.056771 0.024074 0.561600
0 0.226042 0.134259 0.020833 0.208333 0.320500
3 0.521354 0.349074 0.063542 0.032407 0.114800
3 0.000000 0.486111 0.224479 0.178704 0.101600
